FileVersion 1 1; # version ... klarf 1.1 version이라는 의미. 
FileTimestamp 01-01-23 12:48:02; # klarf 파일이 만들어진 시점 = 검사 종료시점
TiffSpec 6.0 G R; # 이미지 파일에 대한 spec.
InspectionStationID "ASAC TECHNOLOGY INC" "A3D01" "A3D01"; # 장비 공급사명, 검사 장비명
SampleType WAFER; # 검사하고자 하는 대상 - wafer/chip ...
ResultTimestamp 01-01-23 12:48:02; # 검사 종료시점
LotID "AC10001TA"; # Batch ID
SampleSize 1 300; # 300mm wafer 
DeviceID "AC1"; # 가상의 제품의 종류를 뜻하는 ID
SetupID "Metrology-Type-01" 01-01-23 12:48:02; # 검사 장비에 적용할 recipe ID --- criterion
StepID "Metrology-Type-01"; # 공정명. 이 case의 경우 bump의 높이 측정. --- Type2는 같은 bump의 높이를 측정하지만, 다른 공정을 의미.
SampleOrientationMarkType NOTCH; # wafer의 방향을 파악하기 위한 표시. 
OrientationMarkLocation DOWN; # wafer notch 방향이 Down. 
TiffFilename AC10001TA_AC10001-01_01-01-23_41.tif; # 불량에 대한 이미지파일의 경로.
DiePitch 9.308326e+003 8.178364e+003; # Wafer에 있는 Die 간격 (size) ... micro meter  
DiePitch 8.000000e+003 8.000000e+003; # 
WaferID  "01"; # wafer의 ID. 실제 Wafer ID는 LotID를 추가한, AC10001-01 ... 일종의 dictionary의 key 역할
Slot 01; # WaferID와 일치하지 않는다면, 조치 취해야 함.
SampleCenterLocation 0.000 0.000; # WaferMap에서의 초기좌표값
InspectionTest 1; # 검사 횟수 = 1, 검사마다 결과 다를 수 있음.
SampleTestPlan 536 # wafer에 있는 die의 수.
18 26
17 26
16 26
15 26
14 26
13 26
12 26
11 26
10 26
9 26
8 26
7 26
19 25
18 25
17 25
16 25
15 25
14 25
13 25
12 25
11 25
10 25
9 25
8 25
7 25
6 25
20 24
19 24
18 24
17 24
16 24
15 24
14 24
13 24
12 24
11 24
10 24
9 24
8 24
7 24
6 24
5 24
21 23
20 23
19 23
18 23
17 23
16 23
15 23
14 23
18 26
17 26
16 26
15 26
14 26
13 26
12 26
11 26
10 26
9 26
8 26
7 26
19 25
18 25
17 25
16 25
15 25
14 25
13 25
12 25
11 25
10 25
9 25
8 25
7 25
6 25
20 24
19 24
18 24
17 24
16 24
15 24
14 24
13 24
12 24
11 24
10 24
9 24
8 24
7 24
6 24
5 24
21 23
20 23
19 23
18 23
17 23
16 23
15 23
14 23
13 23
12 23
11 23
10 23
9 23
8 23
7 23
6 23
5 23
4 23
22 22
21 22
20 22
19 22
18 22
17 22
16 22
15 22
14 22
13 22
12 22
11 22
10 22
9 22
8 22
7 22
6 22
5 22
4 22
3 22
23 21
22 21
21 21
20 21
19 21
18 21
17 21
16 21
15 21
14 21
13 21
12 21
11 21
10 21
9 21
8 21
7 21
6 21
5 21
4 21
3 21
2 21
23 20
22 20
21 20
20 20
19 20
18 20
17 20
16 20
15 20
14 20
13 20
12 20
11 20
10 20
9 20
8 20
7 20
6 20
5 20
4 20
3 20
2 20
24 19
23 19
22 19
21 19
20 19
19 19
18 19
17 19
16 19
15 19
14 19
13 19
12 19
11 19
10 19
9 19
8 19
7 19
6 19
5 19
4 19
3 19
2 19
1 19
24 18
23 18
22 18
21 18
20 18
19 18
18 18
17 18
16 18
15 18
14 18
13 18
12 18
11 18
10 18
9 18
8 18
7 18
6 18
5 18
4 18
3 18
2 18
1 18
24 17
23 17
22 17
21 17
20 17
19 17
18 17
17 17
16 17
15 17
14 17
13 17
12 17
11 17
10 17
9 17
8 17
7 17
6 17
5 17
4 17
3 17
2 17
1 17
24 16
23 16
22 16
21 16
20 16
19 16
18 16
17 16
16 16
15 16
14 16
13 16
12 16
11 16
10 16
9 16
8 16
7 16
6 16
5 16
4 16
3 16
2 16
1 16
24 15
23 15
22 15
21 15
20 15
19 15
18 15
17 15
16 15
15 15
14 15
13 15
12 15
11 15
10 15
9 15
8 15
7 15
6 15
5 15
4 15
3 15
2 15
1 15
24 14
23 14
22 14
21 14
20 14
19 14
18 14
17 14
16 14
15 14
14 14
13 14
12 14
11 14
10 14
9 14
8 14
7 14
6 14
5 14
4 14
3 14
2 14
1 14
24 13
23 13
22 13
21 13
20 13
19 13
18 13
17 13
16 13
15 13
14 13
13 13
12 13
11 13
10 13
9 13
8 13
7 13
6 13
5 13
4 13
3 13
2 13
1 13
24 12
23 12
22 12
21 12
20 12
19 12
18 12
17 12
16 12
15 12
14 12
13 12
12 12
11 12
10 12
9 12
8 12
7 12
6 12
5 12
4 12
3 12
2 12
1 12
24 11
23 11
22 11
21 11
20 11
19 11
18 11
17 11
16 11
15 11
14 11
13 11
12 11
11 11
10 11
9 11
8 11
7 11
6 11
5 11
4 11
3 11
2 11
1 11
24 10
23 10
22 10
21 10
20 10
19 10
18 10
17 10
16 10
15 10
14 10
13 10
12 10
11 10
10 10
9 10
8 10
7 10
6 10
5 10
4 10
3 10
2 10
1 10
24 9
23 9
22 9
21 9
20 9
19 9
18 9
17 9
16 9
15 9
14 9
13 9
12 9
11 9
10 9
9 9
8 9
7 9
6 9
5 9
4 9
3 9
2 9
1 9
24 8
23 8
22 8
21 8
20 8
19 8
18 8
17 8
16 8
15 8
14 8
13 8
12 8
11 8
10 8
9 8
8 8
7 8
6 8
5 8
4 8
3 8
2 8
1 8
23 7
22 7
21 7
20 7
19 7
18 7
17 7
16 7
15 7
14 7
13 7
12 7
11 7
10 7
9 7
8 7
7 7
6 7
5 7
4 7
3 7
2 7
23 6
22 6
21 6
20 6
19 6
18 6
17 6
16 6
15 6
14 6
13 6
12 6
11 6
10 6
9 6
8 6
7 6
6 6
5 6
4 6
3 6
2 6
22 5
21 5
20 5
19 5
18 5
17 5
16 5
15 5
14 5
13 5
12 5
11 5
10 5
9 5
8 5
7 5
6 5
5 5
4 5
3 5
21 4
20 4
19 4
18 4
17 4
16 4
15 4
14 4
13 4
12 4
11 4
10 4
9 4
8 4
7 4
6 4
5 4
4 4
20 3
19 3
18 3
17 3
16 3
15 3
14 3
13 3
12 3
11 3
10 3
9 3
8 3
7 3
6 3
5 3
19 2
18 2
17 2
16 2
15 2
14 2
13 2
12 2
11 2
10 2
9 2
8 2
7 2
6 2
18 1
17 1
16 1
15 1
14 1
13 1
12 1
11 1
10 1
9 1
8 1
7 1;
AreaPerTest 4.978698e+010; # 무시. 
DefectRecordSpec 17 DEFECTID XREL YREL XINDEX YINDEX XSIZE YSIZE DEFECTAREA DSIZE CLASSNUMBER TEST CLUSTERNUMBER ROUGHBINNUMBER FINEBINNUMBER REVIEWSAMPLE IMAGECOUNT IMAGELIST; # columns name 
DefectList; # 1 -> defectID, (6.849e+03 7.047e+03) -> chip안에서의 defect 위치, (24 20) -> chip 위치. (487.383 497.864) -> 
# (0 0.000000) -> defect size, Area, 232 -> Defect Code (bump-anomaly), 1 -> test 1, 0 -> 이하 무시.
1 6.849e+03 7.047e+03 24 20 487.383 497.864 0 0.000000 232 1 0 100 0 0 2 2
1 0 # 무시
2 0; # 무시
SummarySpec 5 TESTNO NDEFECT DEFDENSITY NDIE NDEFDIE; # 정상 535개 , 불량 1개 .
SummaryList
1 1 1.000 535 1;
EndOfFile;
